#include "bayes_cls_config.h"
float MEANS[NUM_CLASSES][NUM_FEATURES] = {{ 4.53653611e-01, 8.62976643e+00, 8.55201093e-01, 3.31182495e+01,
   6.13775605e+01, 3.59022346e+01, 1.53990787e+01, 2.03272559e+01,
   1.34807435e+01, 6.99071054e+01},
 {-6.10232205e-01, 4.80715006e+00,-2.03246553e-01, 2.94973592e+01,
   4.24757294e+01, 2.79948441e+01, 4.13343024e+01, 4.50501903e+01,
   2.72205265e+01, 1.25260521e+02},
 { 1.18544559e+00, 2.16932296e+00, 6.85354385e+00, 3.24383775e+01,
   4.45148206e+01, 6.20429017e+01, 8.04403432e-01, 7.50924797e-01,
   5.65294268e-01, 2.37598514e+00},
 {-2.25805526e+00, 8.90436499e+00, 5.59751047e-01, 1.11280788e+01,
   6.39980296e+01, 3.89635468e+01, 1.22048739e+00, 6.93307370e-01,
   1.39725596e+00, 4.14785634e+00},
 { 4.23232607e-01, 8.07753553e+00, 3.85043523e-01, 3.36861314e+01,
   6.02229927e+01, 3.20113139e+01, 1.47629819e+01, 1.98139771e+01,
   1.29863037e+01, 6.37100987e+01},
 { 1.52079884e+00, 8.76535082e+00, 6.96943779e-02, 3.72981491e+01,
   6.25862931e+01, 2.74754377e+01, 1.98448584e+01, 2.16417597e+01,
   1.75746113e+01, 7.19386181e+01}};
const float CLASS_PRIORS[NUM_CLASSES] = {0.08546873,0.31640936,0.05101066,0.04038676,0.10902435,0.39770014};
const float INV_COVS[NUM_CLASSES][NUM_FEATURES][NUM_FEATURES] = {{{ 6.32355763e-01, 2.68184222e-01, 1.40238050e-01,-1.14450493e-01,
   -1.03861251e-01, 6.78428862e-03, 2.01396895e-02,-2.02700453e-02,
   -2.37420008e-02,-4.72555102e-03},
  { 2.68184222e-01, 1.56337658e+00, 2.93746310e-01,-3.43286841e-02,
   -4.76618657e-01, 1.14028073e-03, 6.92675635e-02,-4.66387896e-02,
   -9.13833732e-02, 5.27612470e-03},
  { 1.40238050e-01, 2.93746310e-01, 3.34534814e+00,-1.71312630e-02,
   -1.02220129e-01,-2.96636050e-01, 9.88137956e-02,-8.37691079e-02,
   -4.80852248e-02,-2.53142687e-02},
  {-1.14450493e-01,-3.43286841e-02,-1.71312630e-02, 2.42704056e-02,
    1.58079379e-02,-2.16562684e-03,-5.26860924e-03, 3.27959677e-03,
    1.43320355e-03, 1.75418253e-03},
  {-1.03861251e-01,-4.76618657e-01,-1.02220129e-01, 1.58079379e-02,
    1.63802661e-01, 3.63787976e-04,-2.08069417e-02, 2.16215336e-02,
    2.32511378e-02,-5.01792009e-04},
  { 6.78428862e-03, 1.14028073e-03,-2.96636050e-01,-2.16562684e-03,
    3.63787976e-04, 3.22638662e-02,-2.34925368e-03, 1.91625646e-03,
   -7.59816754e-04, 2.97548807e-03},
  { 2.01396895e-02, 6.92675635e-02, 9.88137956e-02,-5.26860924e-03,
   -2.08069417e-02,-2.34925368e-03, 6.53608104e-02,-2.25562681e-03,
    1.29715495e-02,-1.77572544e-02},
  {-2.02700453e-02,-4.66387896e-02,-8.37691079e-02, 3.27959677e-03,
    2.16215336e-02, 1.91625646e-03,-2.25562681e-03, 5.54126306e-02,
    1.02919241e-02,-8.54057678e-03},
  {-2.37420008e-02,-9.13833732e-02,-4.80852248e-02, 1.43320355e-03,
    2.32511378e-02,-7.59816754e-04, 1.29715495e-02, 1.02919241e-02,
    1.23184904e-01,-2.93319258e-02},
  {-4.72555102e-03, 5.27612470e-03,-2.53142687e-02, 1.75418253e-03,
   -5.01792009e-04, 2.97548807e-03,-1.77572544e-02,-8.54057678e-03,
   -2.93319258e-02, 1.43111590e-02}},

 {{ 3.14798945e-01, 1.08748342e-02,-2.35203438e-01,-1.10199558e-01,
   -1.94812139e-03, 5.17978992e-02, 1.08914764e-02,-8.06339776e-04,
    6.86271764e-03,-7.80840058e-03},
  { 1.08748342e-02, 4.46678795e-01,-2.71077814e-01,-7.73447996e-03,
   -1.67108141e-01, 4.70949733e-02, 1.16992898e-02,-1.54284922e-02,
    2.28288919e-02,-1.85762699e-02},
  {-2.35203438e-01,-2.71077814e-01, 2.22043608e+00, 6.91779457e-02,
    1.10782344e-01,-3.13418584e-01,-3.66823544e-04, 1.61700315e-02,
    3.51908663e-02, 1.78985323e-02},
  {-1.10199558e-01,-7.73447996e-03, 6.91779457e-02, 4.51251646e-02,
    1.18228018e-03,-1.82968390e-02,-3.33656437e-03, 1.41130217e-04,
   -1.21501761e-03, 2.23228302e-03},
  {-1.94812139e-03,-1.67108141e-01, 1.10782344e-01, 1.18228018e-03,
    7.23092864e-02,-1.59563103e-02,-1.36464107e-03, 5.72476876e-03,
   -1.09196416e-02, 7.64922985e-03},
  { 5.17978992e-02, 4.70949733e-02,-3.13418584e-01,-1.82968390e-02,
   -1.59563103e-02, 6.35355979e-02, 2.21284508e-03,-3.03429104e-03,
   -7.87394179e-03,-1.56466355e-03},
  { 1.08914764e-02, 1.16992898e-02,-3.66823544e-04,-3.33656437e-03,
   -1.36464107e-03, 2.21284508e-03, 7.27977956e-03,-1.70587757e-05,
    1.53612547e-03,-2.13138859e-03},
  {-8.06339776e-04,-1.54284922e-02, 1.61700315e-02, 1.41130217e-04,
    5.72476876e-03,-3.03429104e-03,-1.70587757e-05, 8.60079430e-03,
   -1.13665262e-03, 8.82380774e-06},
  { 6.86271764e-03, 2.28288919e-02, 3.51908663e-02,-1.21501761e-03,
   -1.09196416e-02,-7.87394179e-03, 1.53612547e-03,-1.13665262e-03,
    1.89504028e-02,-4.54740953e-03},
  {-7.80840058e-03,-1.85762699e-02, 1.78985323e-02, 2.23228302e-03,
    7.64922985e-03,-1.56466355e-03,-2.13138859e-03, 8.82380774e-06,
   -4.54740953e-03, 4.32174081e-03}},

 {{ 2.15253656e-01, 3.87359120e-02, 6.25745843e-02,-2.39907405e-02,
   -1.43729754e-03,-3.05516711e-02,-1.48139354e-02, 2.76430565e-02,
   -3.40651940e-02, 6.29724209e-03},
  { 3.87359120e-02, 5.79543358e-01, 2.90180503e-01, 4.21706178e-03,
   -6.09123802e-02,-5.73903261e-02,-2.18235188e-01, 2.03041186e-01,
   -1.95200885e-01, 3.24781285e-02},
  { 6.25745843e-02, 2.90180503e-01, 4.05173235e-01, 6.82668327e-03,
   -3.76622970e-02,-8.87800520e-02,-5.36224918e-02,-4.53387144e-02,
   -1.17195907e-02, 4.03621001e-02},
  {-2.39907405e-02, 4.21706178e-03, 6.82668327e-03, 4.32776449e-03,
   -1.08049753e-03,-3.55231811e-05, 6.47121268e-03, 1.86273120e-03,
   -5.07490633e-03, 1.05944140e-03},
  {-1.43729754e-03,-6.09123802e-02,-3.76622970e-02,-1.08049753e-03,
    7.98858371e-03, 6.45305749e-03, 1.30262357e-02,-2.10742450e-02,
    2.08898804e-02,-2.80201948e-03},
  {-3.05516711e-02,-5.73903261e-02,-8.87800520e-02,-3.55231811e-05,
    6.45305749e-03, 3.06625833e-02, 1.95602052e-02, 2.96804375e-03,
    1.30016121e-02,-1.00913206e-02},
  {-1.48139354e-02,-2.18235188e-01,-5.36224918e-02, 6.47121268e-03,
    1.30262357e-02, 1.95602052e-02, 3.24193822e+00,-1.46541667e+00,
    1.31740694e+00,-8.42337070e-01},
  { 2.76430565e-02, 2.03041186e-01,-4.53387144e-02, 1.86273120e-03,
   -2.10742450e-02, 2.96804375e-03,-1.46541667e+00, 2.64747716e+00,
   -1.49794524e+00, 8.76051587e-02},
  {-3.40651940e-02,-1.95200885e-01,-1.17195907e-02,-5.07490633e-03,
    2.08898804e-02, 1.30016121e-02, 1.31740694e+00,-1.49794524e+00,
    3.22530849e+00,-1.01922801e+00},
  { 6.29724209e-03, 3.24781285e-02, 4.03621001e-02, 1.05944140e-03,
   -2.80201948e-03,-1.00913206e-02,-8.42337070e-01, 8.76051587e-02,
   -1.01922801e+00, 6.08540062e-01}},

 {{ 1.45259113e+00,-2.62699554e+00,-3.07934968e-01,-5.88675342e-02,
    3.18598360e+00, 5.51062615e-03, 6.14153274e-02,-6.16582747e-01,
    1.45604236e-02, 1.04896754e-01},
  {-2.62699554e+00, 6.22984650e+00, 2.09814241e-01, 8.76055412e-02,
    7.47403569e+00,-6.73230653e-03,-9.33792823e-01, 3.95275388e+00,
    8.02913526e-02,-3.77702117e-01},
  {-3.07934968e-01, 2.09814241e-01, 2.87317634e+00, 4.81915476e-02,
   -2.21040510e+00,-1.03400547e-01,-2.53664281e-01,-4.57775946e-01,
   -5.28818123e-03, 1.03348150e-01},
  {-5.88675342e-02, 8.76055412e-02, 4.81915476e-02, 4.90485009e-03,
   -9.86646139e-02,-1.51437907e-03,-7.43807157e-03, 5.05823327e-03,
    2.31794748e-03,-1.53672181e-03},
  { 3.18598360e+00, 7.47403569e+00,-2.21040510e+00,-9.86646139e-02,
    8.64692786e+02, 1.25110389e-01,-1.65786024e+01, 6.29596453e+01,
   -3.35161452e+00,-2.37941427e+00},
  { 5.51062615e-03,-6.73230653e-03,-1.03400547e-01,-1.51437907e-03,
    1.25110389e-01, 5.07229269e-03, 1.43557568e-04, 2.00695965e-02,
   -2.81234663e-03,-1.50160128e-05},
  { 6.14153274e-02,-9.33792823e-01,-2.53664281e-01,-7.43807157e-03,
   -1.65786024e+01, 1.43557568e-04, 4.50597369e+00,-1.38296347e+00,
   -3.32661439e-01,-9.65973285e-01},
  {-6.16582747e-01, 3.95275388e+00,-4.57775946e-01, 5.05823327e-03,
    6.29596453e+01, 2.00695965e-02,-1.38296347e+00, 1.56008018e+01,
    2.75903617e-01,-2.18014380e+00},
  { 1.45604236e-02, 8.02913526e-02,-5.28818123e-03, 2.31794748e-03,
   -3.35161452e+00,-2.81234663e-03,-3.32661439e-01, 2.75903617e-01,
    1.20509355e+00,-4.14605007e-01},
  { 1.04896754e-01,-3.77702117e-01, 1.03348150e-01,-1.53672181e-03,
   -2.37941427e+00,-1.50160128e-05,-9.65973285e-01,-2.18014380e+00,
   -4.14605007e-01, 8.75941688e-01}},

 {{ 3.84663928e-01, 1.52041563e-01,-9.75552831e-02,-6.78042584e-02,
   -6.31106720e-02, 1.50225651e-02, 2.26072331e-02,-5.02759914e-03,
   -1.72379334e-02,-3.05661437e-05},
  { 1.52041563e-01, 8.49916830e-01, 3.06053372e-01,-1.53129052e-02,
   -2.55090576e-01,-2.17271650e-02, 5.29794013e-02,-8.94581878e-02,
   -4.40917260e-03,-5.26950999e-03},
  {-9.75552831e-02, 3.06053372e-01, 3.98762898e+00,-5.72132216e-03,
   -3.41152015e-02,-3.68688518e-01, 2.15817724e-02,-1.09656548e-01,
   -1.06932414e-01, 7.88304282e-03},
  {-6.78042584e-02,-1.53129052e-02,-5.72132216e-03, 1.48577654e-02,
    5.87843980e-03,-4.41672353e-04,-3.46675298e-03, 1.19787055e-03,
    6.76162722e-03,-8.72165038e-04},
  {-6.31106720e-02,-2.55090576e-01,-3.41152015e-02, 5.87843980e-03,
    1.15902989e-01, 2.37761166e-03,-2.05933839e-03, 2.87693037e-02,
   -6.49277122e-03, 5.25356795e-03},
  { 1.50225651e-02,-2.17271650e-02,-3.68688518e-01,-4.41672353e-04,
    2.37761166e-03, 3.86624055e-02, 1.34964437e-03, 6.92225983e-03,
    1.56499621e-03, 2.76075699e-04},
  { 2.26072331e-02, 5.29794013e-02, 2.15817724e-02,-3.46675298e-03,
   -2.05933839e-03, 1.34964437e-03, 4.22097227e-02, 2.25894847e-03,
   -2.06706602e-03,-1.22518057e-02},
  {-5.02759914e-03,-8.94581878e-02,-1.09656548e-01, 1.19787055e-03,
    2.87693037e-02, 6.92225983e-03, 2.25894847e-03, 4.21250890e-02,
    4.46883399e-03,-1.00329804e-02},
  {-1.72379334e-02,-4.40917260e-03,-1.06932414e-01, 6.76162722e-03,
   -6.49277122e-03, 1.56499621e-03,-2.06706602e-03, 4.46883399e-03,
    1.06781564e-01,-1.35581656e-02},
  {-3.05661437e-05,-5.26950999e-03, 7.88304282e-03,-8.72165038e-04,
    5.25356795e-03, 2.76075699e-04,-1.22518057e-02,-1.00329804e-02,
   -1.35581656e-02, 1.14025852e-02}},

 {{ 8.13259378e-01, 4.77440524e-01,-1.50058628e-01,-1.47131462e-01,
   -2.21609071e-01, 3.90882012e-02,-1.00024783e-02,-1.75844564e-02,
    1.69713625e-02,-2.66261007e-02},
  { 4.77440524e-01, 1.05480674e+00, 3.70961872e-01,-7.57029004e-02,
   -3.99013731e-01,-2.42444808e-02, 3.74471648e-02,-1.10056752e-01,
   -1.20252122e-04,-3.92606686e-02},
  {-1.50058628e-01, 3.70961872e-01, 4.05243392e+00, 2.09000193e-02,
   -6.19211900e-02,-3.23031485e-01, 3.60215366e-02,-5.13225069e-02,
   -2.37818422e-02, 2.10018805e-03},
  {-1.47131462e-01,-7.57029004e-02, 2.09000193e-02, 3.02966770e-02,
    3.44006716e-02,-7.09941824e-03, 5.08517875e-04, 7.73659185e-03,
   -1.65650030e-03, 4.56457987e-03},
  {-2.21609071e-01,-3.99013731e-01,-6.19211900e-02, 3.44006716e-02,
    2.20172115e-01, 2.55793778e-03,-9.97456312e-03, 3.51078017e-02,
    5.31267279e-03, 1.83049549e-02},
  { 3.90882012e-02,-2.42444808e-02,-3.23031485e-01,-7.09941824e-03,
    2.55793778e-03, 3.87178385e-02,-2.42099177e-04, 2.87833206e-03,
   -4.90116576e-04, 3.35720279e-03},
  {-1.00024783e-02, 3.74471648e-02, 3.60215366e-02, 5.08517875e-04,
   -9.97456312e-03,-2.42099177e-04, 3.49995489e-02,-3.17714311e-03,
    6.13842067e-03,-1.11551422e-02},
  {-1.75844564e-02,-1.10056752e-01,-5.13225069e-02, 7.73659185e-03,
    3.51078017e-02, 2.87833206e-03,-3.17714311e-03, 8.04500232e-02,
   -5.57649693e-03,-4.85433949e-03},
  { 1.69713625e-02,-1.20252122e-04,-2.37818422e-02,-1.65650030e-03,
    5.31267279e-03,-4.90116576e-04, 6.13842067e-03,-5.57649693e-03,
    5.06424084e-02,-8.60589942e-03},
  {-2.66261007e-02,-3.92606686e-02, 2.10018805e-03, 4.56457987e-03,
    1.83049549e-02, 3.35720279e-03,-1.11551422e-02,-4.85433949e-03,
   -8.60589942e-03, 1.33732854e-02}}};
const float DETS[NUM_CLASSES] = {1.64014482e+12,2.72155916e+15,3.86118148e+09,4.22065697e+01,
 1.44668378e+13,4.59965945e+11};
